GK,GCAL,GSK,TYPE,EVENT_SEPARATION,EVENT_DURATION,EVENT_AMPLITUDE,EVENT_DVDT_MAX,EVENT_DVDT_MIN,EVENT_BURSTPEAKS,EVENT_LINELENGTH,EVENT_AREA
9.595959699999999870e+00,4.848485000000000156e+00,4.848485000000000156e+00,1.000000000000000000e+00,8.593571428571428195e-01,3.033333333333339613e-02,7.836646066666665433e+01,1.339971915750360343e-01,-7.516844612402398540e-02,0.000000000000000000e+00,0.000000000000000000e+00,1.863353916064657348e-02
1.010100999999999916e+00,5.555555800000000488e-01,5.555555800000000488e-01,0.000000000000000000e+00,0.000000000000000000e+00,0.000000000000000000e+00,0.000000000000000000e+00,0.000000000000000000e+00,0.000000000000000000e+00,0.000000000000000000e+00,0.000000000000000000e+00,0.000000000000000000e+00
4.444444700000000026e+00,2.272727300000000117e+00,2.272727300000000117e+00,3.000000000000000000e+00,3.096585365853658511e-01,5.600004999999988464e-02,7.499532932142855657e+01,7.871964253006813461e-02,-3.198170621677890596e-02,0.000000000000000000e+00,0.000000000000000000e+00,3.131261938912522497e-02
2.222222299999999873e+00,1.161616200000000099e+00,1.161616200000000099e+00,3.000000000000000000e+00,2.523000000000000242e-01,9.466666274509806522e-02,5.361651358039215864e+01,4.531051384366416995e-02,-1.834249210073982464e-02,0.000000000000000000e+00,0.000000000000000000e+00,5.211891348424531334e-02
5.757576000000000249e+00,2.929292900000000088e+00,2.929292900000000088e+00,1.000000000000000000e+00,3.677058823529411602e-01,4.500004285714277741e-02,7.703401479999999424e+01,9.562712006336059056e-02,-4.332870491341961339e-02,0.000000000000000000e+00,0.000000000000000000e+00,2.605577383856673770e-02
3.838383900000000182e+00,1.969697000000000031e+00,1.969697000000000031e+00,3.000000000000000000e+00,2.916136363636363527e-01,6.431111111111109668e-02,7.368015459999999450e+01,7.087593186099104547e-02,-2.626691169322606725e-02,0.000000000000000000e+00,0.000000000000000000e+00,3.494523612594164358e-02
8.181817999999999813e+00,4.141414199999999823e+00,4.141414199999999823e+00,1.000000000000000000e+00,5.425652173913042553e-01,3.454167916666669308e-02,7.905138791666666975e+01,1.243897444246889195e-01,-6.257155466973975122e-02,0.000000000000000000e+00,0.000000000000000000e+00,2.075046845951866725e-02
4.040404000000000218e-01,2.525252399999999842e-01,2.525252399999999842e-01,0.000000000000000000e+00,0.000000000000000000e+00,0.000000000000000000e+00,0.000000000000000000e+00,0.000000000000000000e+00,0.000000000000000000e+00,0.000000000000000000e+00,0.000000000000000000e+00,0.000000000000000000e+00
5.353535199999999605e+00,2.727272699999999883e+00,2.727272699999999883e+00,1.000000000000000000e+00,3.474054054054054319e-01,4.776319473684208922e-02,7.656586368421051247e+01,9.047403426723853170e-02,-3.995311481653252700e-02,0.000000000000000000e+00,0.000000000000000000e+00,2.738459811626503537e-02
1.010101000000000054e-01,1.010101000000000054e-01,1.010101000000000054e-01,0.000000000000000000e+00,0.000000000000000000e+00,0.000000000000000000e+00,0.000000000000000000e+00,0.000000000000000000e+00,0.000000000000000000e+00,0.000000000000000000e+00,0.000000000000000000e+00,0.000000000000000000e+00
7.171717199999999792e+00,3.636363699999999977e+00,3.636363699999999977e+00,1.000000000000000000e+00,4.558214285714285441e-01,3.810345517241391783e-02,7.846741244827586570e+01,1.130256930332975418e-01,-5.468237525112449454e-02,0.000000000000000000e+00,0.000000000000000000e+00,2.256599266955819361e-02
2.020202000000000109e-01,1.515151600000000098e-01,1.515151600000000098e-01,0.000000000000000000e+00,0.000000000000000000e+00,0.000000000000000000e+00,0.000000000000000000e+00,0.000000000000000000e+00,0.000000000000000000e+00,0.000000000000000000e+00,0.000000000000000000e+00,0.000000000000000000e+00
1.818181899999999906e+00,9.595959800000000151e-01,9.595959800000000151e-01,2.000000000000000000e+00,9.689166666666664263e-01,5.227691769230766727e-01,6.079813381538461670e+01,3.772804216334139926e-02,-1.516138294235991335e-02,4.000000000000000000e+00,2.815866830696969636e+00,3.286439426512561268e-01
2.828282800000000208e+00,1.464646499999999962e+00,1.464646499999999962e+00,3.000000000000000000e+00,2.754347826086956941e-01,8.376592765957457942e-02,6.679679715957446717e+01,5.794947358514455221e-02,-2.105926946684556766e-02,0.000000000000000000e+00,0.000000000000000000e+00,4.389661567800104414e-02
8.383838700000000088e+00,4.242423999999999751e+00,4.242423999999999751e+00,1.000000000000000000e+00,5.640909090909090873e-01,3.391300000000029707e-02,7.913760686956520374e+01,1.264682946145088416e-01,-6.414157180863737373e-02,0.000000000000000000e+00,0.000000000000000000e+00,2.042708642556256490e-02
3.636363699999999977e+00,1.868686899999999929e+00,1.868686899999999929e+00,3.000000000000000000e+00,2.870454545454546036e-01,6.793333111111102274e-02,7.305616257333333863e+01,6.826101589047556262e-02,-2.427309434465911575e-02,0.000000000000000000e+00,0.000000000000000000e+00,3.646821013801600231e-02
6.969697000000000031e+00,3.535353399999999979e+00,3.535353399999999979e+00,1.000000000000000000e+00,4.413793103448276911e-01,3.886663999999996622e-02,7.829928223333332937e+01,1.106224476536234597e-01,-5.309582555880179577e-02,0.000000000000000000e+00,0.000000000000000000e+00,2.296489053350723314e-02
3.737373799999999857e+00,1.919192000000000009e+00,1.919192000000000009e+00,3.000000000000000000e+00,2.892499999999999516e-01,6.604444222222209671e-02,7.338857284666666203e+01,6.957365565424340759e-02,-2.527605408241860932e-02,0.000000000000000000e+00,0.000000000000000000e+00,3.567656878829335299e-02
1.212121199999999899e+00,6.565656699999999901e-01,6.565656699999999901e-01,0.000000000000000000e+00,0.000000000000000000e+00,0.000000000000000000e+00,0.000000000000000000e+00,0.000000000000000000e+00,0.000000000000000000e+00,0.000000000000000000e+00,0.000000000000000000e+00,0.000000000000000000e+00
1.616161600000000087e+00,8.585858299999999943e-01,8.585858299999999943e-01,2.000000000000000000e+00,1.389625000000000110e+00,8.803332888888888430e-01,6.058803307777778713e+01,3.372328302860776866e-02,-1.369380939505451464e-02,7.000000000000000000e+00,2.675646156807325760e+00,5.730000410940435662e-01
6.767676800000000270e+00,3.434343300000000099e+00,3.434343300000000099e+00,1.000000000000000000e+00,4.276333333333334208e-01,3.974200322580637851e-02,7.809997035483870320e+01,1.081846715294550176e-01,-5.149626241516262748e-02,0.000000000000000000e+00,0.000000000000000000e+00,2.341499410140622864e-02
8.484847999999999502e+00,4.292929199999999668e+00,4.292929199999999668e+00,1.000000000000000000e+00,5.756818181818182945e-01,3.360866956521730425e-02,7.916796695652173810e+01,1.275183535960647541e-01,-6.493582803743541687e-02,0.000000000000000000e+00,0.000000000000000000e+00,2.027202339096477804e-02
8.585858299999999943e+00,4.343434300000000192e+00,4.343434300000000192e+00,1.000000000000000000e+00,5.879047619047617079e-01,3.327269090909103916e-02,7.919902818181817850e+01,1.285753849658634040e-01,-6.573144926548275813e-02,0.000000000000000000e+00,0.000000000000000000e+00,2.010281419632033856e-02
5.050504799999999683e-01,3.030303100000000249e-01,3.030303100000000249e-01,0.000000000000000000e+00,0.000000000000000000e+00,0.000000000000000000e+00,0.000000000000000000e+00,0.000000000000000000e+00,0.000000000000000000e+00,0.000000000000000000e+00,0.000000000000000000e+00,0.000000000000000000e+00
2.626262699999999839e+00,1.363636400000000082e+00,1.363636400000000082e+00,3.000000000000000000e+00,2.723695652173913628e-01,8.797869148936153516e-02,6.369901393617020346e+01,5.532292445765315397e-02,-2.062819231987553931e-02,0.000000000000000000e+00,0.000000000000000000e+00,4.599096263152838149e-02
6.262626199999999699e+00,3.181818199999999930e+00,3.181818199999999930e+00,1.000000000000000000e+00,3.959687500000000360e-01,4.215151818181816362e-02,7.756960712121211543e+01,1.020053469675230307e-01,-4.743478571162564050e-02,0.000000000000000000e+00,0.000000000000000000e+00,2.464520248834117799e-02
1.313131300000000001e+00,7.070707099999999912e-01,7.070707099999999912e-01,1.000000000000000000e+00,1.469999999999999918e-01,1.044727200000000050e-01,1.705908435272727175e+01,2.003890538248073727e-02,-1.386960398291024049e-02,0.000000000000000000e+00,0.000000000000000000e+00,6.117229004604336773e-02
4.141414199999999823e+00,2.121211999999999875e+00,2.121211999999999875e+00,3.000000000000000000e+00,2.998333333333333406e-01,5.976744651162791550e-02,7.443487431860465620e+01,7.479950698729265213e-02,-2.916977588988917125e-02,0.000000000000000000e+00,0.000000000000000000e+00,3.297485078744560177e-02
8.080807699999999372e+00,4.090908999999999907e+00,4.090908999999999907e+00,1.000000000000000000e+00,5.324347826086955893e-01,3.479177083333338111e-02,7.896347333333334007e+01,1.233741224980619694e-01,-6.179049195081539464e-02,0.000000000000000000e+00,0.000000000000000000e+00,2.089587573790415223e-02
7.878788000000000125e+00,3.989898900000000026e+00,3.989898900000000026e+00,1.000000000000000000e+00,5.134166666666666323e-01,3.544003199999982978e-02,7.884092076000000304e+01,1.211112707798036314e-01,-6.020140513869375043e-02,0.000000000000000000e+00,0.000000000000000000e+00,2.123606866947477800e-02
0.000000000000000000e+00,5.050505000000000272e-02,5.050505000000000272e-02,0.000000000000000000e+00,0.000000000000000000e+00,0.000000000000000000e+00,0.000000000000000000e+00,0.000000000000000000e+00,0.000000000000000000e+00,0.000000000000000000e+00,0.000000000000000000e+00,0.000000000000000000e+00
6.868686699999999590e+00,3.484848500000000016e+00,3.484848500000000016e+00,1.000000000000000000e+00,4.344137931034482425e-01,3.926666999999996188e-02,7.817675743333333571e+01,1.093930440541706212e-01,-5.229084237711693894e-02,0.000000000000000000e+00,0.000000000000000000e+00,2.318100342420626944e-02
3.131313099999999849e+00,1.616161600000000087e+00,1.616161600000000087e+00,3.000000000000000000e+00,2.789111111111111097e-01,7.760868478260901648e-02,7.003460929130436341e+01,6.182650039906488482e-02,-2.179621193154515288e-02,0.000000000000000000e+00,0.000000000000000000e+00,4.089003610928101246e-02
9.393938999999999595e+00,4.747474699999999714e+00,4.747474699999999714e+00,1.000000000000000000e+00,7.323749999999999982e-01,3.111764705882347215e-02,7.912021582352942062e+01,1.355756606354086014e-01,-7.236170988614096244e-02,0.000000000000000000e+00,0.000000000000000000e+00,1.899544965708847497e-02
1.717171699999999968e+00,9.090909400000000140e-01,9.090909400000000140e-01,2.000000000000000000e+00,1.115499999999999936e+00,6.385454090909092884e-01,5.764484648181817761e+01,3.593349094759273193e-02,-1.452739165738972486e-02,5.000000000000000000e+00,2.549534948060561579e+00,4.095883893544529086e-01
9.090908999999999907e+00,4.595959699999999870e+00,4.595959699999999870e+00,1.000000000000000000e+00,6.628333333333333854e-01,3.194748421052611559e-02,7.931708257894736391e+01,1.330687793273442054e-01,-6.973574314470448732e-02,0.000000000000000000e+00,0.000000000000000000e+00,1.940446852083515042e-02
2.727272699999999883e+00,1.414141400000000104e+00,1.414141400000000104e+00,3.000000000000000000e+00,2.740869565217392001e-01,8.585108510638311818e-02,6.535114037446807345e+01,5.664710124001902380e-02,-2.083548299315509528e-02,0.000000000000000000e+00,0.000000000000000000e+00,4.493933708353747142e-02
7.777777699999999683e+00,3.939394000000000062e+00,3.939394000000000062e+00,1.000000000000000000e+00,5.043750000000000178e-01,3.584003600000006118e-02,7.886438384000000212e+01,1.199373236692092004e-01,-5.942244792525528535e-02,0.000000000000000000e+00,0.000000000000000000e+00,2.141493445289592568e-02
7.676767800000000364e+00,3.888888800000000145e+00,3.888888800000000145e+00,1.000000000000000000e+00,4.956400000000000250e-01,3.600004230769238839e-02,7.858224769230768914e+01,1.188518751160007186e-01,-5.864502543570449672e-02,0.000000000000000000e+00,0.000000000000000000e+00,2.157534111924773457e-02
4.343434300000000192e+00,2.222222299999999873e+00,2.222222299999999873e+00,3.000000000000000000e+00,3.062439024390243847e-01,5.721426904761905269e-02,7.488242635238096057e+01,7.738311988204425729e-02,-3.105454807399628606e-02,0.000000000000000000e+00,0.000000000000000000e+00,3.182189883559716909e-02
2.929292900000000088e+00,1.515151499999999984e+00,1.515151499999999984e+00,3.000000000000000000e+00,2.765869565217390913e-01,8.168090638297886841e-02,6.803980191276596656e+01,5.924647400052952817e-02,-2.129618999444057859e-02,0.000000000000000000e+00,0.000000000000000000e+00,4.286767931688457295e-02
9.292929600000000789e+00,4.696969499999999798e+00,4.696969499999999798e+00,1.000000000000000000e+00,7.049999999999999600e-01,3.166675000000000045e-02,7.935259583333333921e+01,1.363366032806897499e-01,-7.127493939159466885e-02,0.000000000000000000e+00,0.000000000000000000e+00,1.920460240900163928e-02
4.545454499999999953e+00,2.323232400000000197e+00,2.323232400000000197e+00,3.000000000000000000e+00,3.132749999999999702e-01,5.487802926829269540e-02,7.525713657073171703e+01,8.001433834327253969e-02,-3.289801334447851888e-02,0.000000000000000000e+00,0.000000000000000000e+00,3.076572965907060225e-02
1.414141400000000104e+00,7.575757499999999922e-01,7.575757499999999922e-01,2.000000000000000000e+00,2.476333333333333275e+00,1.987000150000000076e+00,5.278584349999999858e+01,3.016562732105840250e-02,-1.236224950136809164e-02,1.400000000000000000e+01,3.691945820170345005e+00,1.295406140377580950e+00
6.666666499999999829e+00,3.383838400000000135e+00,3.383838400000000135e+00,1.000000000000000000e+00,4.209999999999998743e-01,4.046664666666670990e-02,7.798965393333332941e+01,1.055481700023123970e-01,-5.063557089944977635e-02,0.000000000000000000e+00,0.000000000000000000e+00,2.376301503255040526e-02
4.040403799999999990e+00,2.070707099999999912e+00,2.070707099999999912e+00,3.000000000000000000e+00,2.969302325581395507e-01,6.115904772727277089e-02,7.418208922045455722e+01,7.345804816672436843e-02,-2.821207537290482126e-02,0.000000000000000000e+00,0.000000000000000000e+00,3.359605520123443850e-02
9.494949300000000036e+00,4.797979800000000239e+00,4.797979800000000239e+00,1.000000000000000000e+00,7.695625000000000382e-01,3.070586470588257746e-02,7.880822317647059094e+01,1.360316041437776846e-01,-7.341520037095351781e-02,0.000000000000000000e+00,0.000000000000000000e+00,1.883765877854240434e-02
6.565656699999999901e+00,3.333333300000000055e+00,3.333333300000000055e+00,1.000000000000000000e+00,4.145000000000000351e-01,4.061286129032253001e-02,7.787827612903224406e+01,1.056828354646262708e-01,-4.988524346677920135e-02,0.000000000000000000e+00,0.000000000000000000e+00,2.387320803374724798e-02
7.070706799999999959e+00,3.585858599999999896e+00,3.585858599999999896e+00,1.000000000000000000e+00,4.485357142857143153e-01,3.841381379310350452e-02,7.833896120689654197e+01,1.117987324248237990e-01,-5.388237876575931867e-02,0.000000000000000000e+00,0.000000000000000000e+00,2.274824276431188647e-02
8.080807899999999933e-01,4.545454400000000228e-01,4.545454400000000228e-01,0.000000000000000000e+00,0.000000000000000000e+00,0.000000000000000000e+00,0.000000000000000000e+00,0.000000000000000000e+00,0.000000000000000000e+00,0.000000000000000000e+00,0.000000000000000000e+00,0.000000000000000000e+00
6.464646300000000068e+00,3.282828299999999810e+00,3.282828299999999810e+00,1.000000000000000000e+00,4.081999999999999518e-01,4.116134516129025395e-02,7.780330222580646193e+01,1.045283165697886013e-01,-4.907266595485171995e-02,0.000000000000000000e+00,0.000000000000000000e+00,2.413596718018562806e-02
8.787879000000000218e+00,4.444444700000000026e+00,4.444444700000000026e+00,1.000000000000000000e+00,6.145500000000001517e-01,3.271427142857157022e-02,7.922972023809525410e+01,1.303919259558072863e-01,-6.732513875468956743e-02,0.000000000000000000e+00,0.000000000000000000e+00,1.981918140330994269e-02
5.959596200000000010e+00,3.030302999999999969e+00,3.030302999999999969e+00,1.000000000000000000e+00,3.786060606060606126e-01,4.379412352941175479e-02,7.726898155882352626e+01,9.818908956675166666e-02,-4.499095544015241366e-02,0.000000000000000000e+00,0.000000000000000000e+00,2.545836167029255290e-02
6.363636500000000140e+00,3.232323200000000174e+00,3.232323200000000174e+00,1.000000000000000000e+00,4.020322580645159793e-01,4.193750624999993681e-02,7.777593528124999978e+01,1.031516147214641688e-01,-4.823360267104801619e-02,0.000000000000000000e+00,0.000000000000000000e+00,2.448069017642921785e-02
4.949494800000000083e+00,2.525252599999999958e+00,2.525252599999999958e+00,1.000000000000000000e+00,3.292105263157895090e-01,5.100001538461537004e-02,7.599378666666666504e+01,8.526396262701042839e-02,-3.648319988027644983e-02,0.000000000000000000e+00,0.000000000000000000e+00,2.892754951971580890e-02
3.535353399999999979e+00,1.818181899999999906e+00,1.818181899999999906e+00,3.000000000000000000e+00,2.850681818181818317e-01,6.991113111111109391e-02,7.268633183777777163e+01,6.700779014296924518e-02,-2.326080216123796104e-02,0.000000000000000000e+00,0.000000000000000000e+00,3.728586203078106120e-02
1.000000000000000000e+01,0.000000000000000000e+00,0.000000000000000000e+00,0.000000000000000000e+00,0.000000000000000000e+00,0.000000000000000000e+00,0.000000000000000000e+00,0.000000000000000000e+00,0.000000000000000000e+00,0.000000000000000000e+00,0.000000000000000000e+00,0.000000000000000000e+00
6.060606200000000499e-01,3.535353500000000260e-01,3.535353500000000260e-01,0.000000000000000000e+00,0.000000000000000000e+00,0.000000000000000000e+00,0.000000000000000000e+00,0.000000000000000000e+00,0.000000000000000000e+00,0.000000000000000000e+00,0.000000000000000000e+00,0.000000000000000000e+00
5.151514999999999844e+00,2.626262699999999839e+00,2.626262699999999839e+00,1.000000000000000000e+00,3.380270270270269162e-01,4.926311842105274980e-02,7.624741497368420085e+01,8.785505142219060537e-02,-3.822807258421608012e-02,0.000000000000000000e+00,0.000000000000000000e+00,2.812193466429003391e-02
7.272727500000000234e+00,3.686868700000000221e+00,3.686868700000000221e+00,1.000000000000000000e+00,4.633703703703703214e-01,3.760714285714280430e-02,7.848870760714285666e+01,1.142238590480424559e-01,-5.548104202307087979e-02,0.000000000000000000e+00,0.000000000000000000e+00,2.233874610683332998e-02
7.373737300000000161e+00,3.737373799999999857e+00,3.737373799999999857e+00,1.000000000000000000e+00,4.710740740740741450e-01,3.721427857142865780e-02,7.855166192857143415e+01,1.152853616624507777e-01,-5.627977687882961683e-02,0.000000000000000000e+00,0.000000000000000000e+00,2.213997729920239715e-02
5.555555299999999974e+00,2.828282800000000208e+00,2.828282800000000208e+00,1.000000000000000000e+00,3.573055555555555429e-01,4.635135135135128731e-02,7.678631686486487240e+01,9.303703517675838974e-02,-4.165152894103399395e-02,0.000000000000000000e+00,0.000000000000000000e+00,2.671263954732834220e-02
3.030303100000000249e-01,2.020202000000000109e-01,2.020202000000000109e-01,0.000000000000000000e+00,0.000000000000000000e+00,0.000000000000000000e+00,0.000000000000000000e+00,0.000000000000000000e+00,0.000000000000000000e+00,0.000000000000000000e+00,0.000000000000000000e+00,0.000000000000000000e+00
9.696970000000000312e+00,4.898989699999999559e+00,4.898989699999999559e+00,0.000000000000000000e+00,0.000000000000000000e+00,0.000000000000000000e+00,0.000000000000000000e+00,0.000000000000000000e+00,0.000000000000000000e+00,0.000000000000000000e+00,0.000000000000000000e+00,0.000000000000000000e+00
2.020201899999999995e+00,1.060605999999999938e+00,1.060605999999999938e+00,2.000000000000000000e+00,6.636315789473684612e-01,3.260999549999999969e-01,5.929291173500000411e+01,4.161115024029400644e-02,-1.670066975568443995e-02,1.000000000000000000e+00,2.606193220241596720e+00,1.863972359597065032e-01
6.161616300000000379e+00,3.131313099999999849e+00,3.131313099999999849e+00,1.000000000000000000e+00,3.900312499999999960e-01,4.260606969696968671e-02,7.751324309090908571e+01,1.006174562323697563e-01,-4.662062779218131142e-02,0.000000000000000000e+00,0.000000000000000000e+00,2.487004877235914416e-02
9.797979399999999117e+00,4.949494800000000083e+00,4.949494800000000083e+00,0.000000000000000000e+00,0.000000000000000000e+00,0.000000000000000000e+00,0.000000000000000000e+00,0.000000000000000000e+00,0.000000000000000000e+00,0.000000000000000000e+00,0.000000000000000000e+00,0.000000000000000000e+00
5.454545500000000047e+00,2.777777700000000127e+00,2.777777700000000127e+00,1.000000000000000000e+00,3.522777777777777453e-01,4.700000000000022216e-02,7.666512105405404043e+01,9.175163706212867420e-02,-4.080408963387459342e-02,0.000000000000000000e+00,0.000000000000000000e+00,2.703068912240992258e-02
3.434343300000000099e+00,1.767676699999999990e+00,1.767676699999999990e+00,3.000000000000000000e+00,2.832500000000000018e-01,7.188891555555564084e-02,7.221487782222222052e+01,6.570598398728576262e-02,-2.258072508350604524e-02,0.000000000000000000e+00,0.000000000000000000e+00,3.814215249641716293e-02
8.686868699999999777e+00,4.393939500000000109e+00,4.393939500000000109e+00,1.000000000000000000e+00,6.007619047619046082e-01,3.299999545454566224e-02,7.926207454545455278e+01,1.293121293273848116e-01,-6.652855404654124671e-02,0.000000000000000000e+00,0.000000000000000000e+00,1.995633689423692222e-02
1.919192000000000009e+00,1.010100999999999916e+00,1.010100999999999916e+00,2.000000000000000000e+00,8.247857142857142332e-01,4.231333466666664100e-01,6.099864452000000625e+01,3.988459271175336801e-02,-1.593488675075997382e-02,3.000000000000000000e+00,2.899723307536833605e+00,2.569679813608379271e-01
4.242423999999999751e+00,2.171717199999999792e+00,2.171717199999999792e+00,3.000000000000000000e+00,3.029523809523809730e-01,5.844182093023265329e-02,7.465649135813953308e+01,7.609507416533362045e-02,-3.011735930547439211e-02,0.000000000000000000e+00,0.000000000000000000e+00,3.238415470571942567e-02
2.424242500000000078e+00,1.262626299999999979e+00,1.262626299999999979e+00,3.000000000000000000e+00,2.668124999999999525e-01,9.167345714285715652e-02,5.961886557755102700e+01,5.257594650393301872e-02,-2.026567944411446914e-02,0.000000000000000000e+00,0.000000000000000000e+00,4.794674145686034922e-02
4.747474699999999714e+00,2.424242500000000078e+00,2.424242500000000078e+00,1.000000000000000000e+00,3.209487179487178765e-01,5.284995999999998750e-02,7.563049532499999827e+01,8.269008951152460873e-02,-3.470737746609860175e-02,0.000000000000000000e+00,0.000000000000000000e+00,2.981150928772356365e-02
3.030302999999999969e+00,1.565656500000000007e+00,1.565656500000000007e+00,3.000000000000000000e+00,2.777173913043478604e-01,7.961705531914892164e-02,6.910579622978724501e+01,6.053762928969283474e-02,-2.154310135563205705e-02,0.000000000000000000e+00,0.000000000000000000e+00,4.186461687909399931e-02
5.050505199999999917e+00,2.575757499999999922e+00,2.575757499999999922e+00,1.000000000000000000e+00,3.335405405405405532e-01,5.007893684210553559e-02,7.606718918421051967e+01,8.655457840402139280e-02,-3.735867314349898549e-02,0.000000000000000000e+00,0.000000000000000000e+00,2.852780689700537900e-02
9.090909400000000140e-01,5.050504799999999683e-01,5.050504799999999683e-01,0.000000000000000000e+00,0.000000000000000000e+00,0.000000000000000000e+00,0.000000000000000000e+00,0.000000000000000000e+00,0.000000000000000000e+00,0.000000000000000000e+00,0.000000000000000000e+00,0.000000000000000000e+00
2.323232400000000197e+00,1.212121199999999899e+00,1.212121199999999899e+00,3.000000000000000000e+00,2.621632653061224394e-01,9.337999400000007721e-02,5.721277152400001142e+01,5.039001037278884737e-02,-1.982420416956625492e-02,0.000000000000000000e+00,0.000000000000000000e+00,4.926569057664267198e-02
5.858585800000000177e+00,2.979798100000000005e+00,2.979798100000000005e+00,1.000000000000000000e+00,3.730882352941176094e-01,4.437139142857142449e-02,7.716442557142856629e+01,9.682833836385984494e-02,-4.415850973227790355e-02,0.000000000000000000e+00,0.000000000000000000e+00,2.574321047522820302e-02
8.989898699999999465e+00,4.545454499999999953e+00,4.545454499999999953e+00,1.000000000000000000e+00,6.453157894736841760e-01,3.220000999999990399e-02,7.925888634999998317e+01,1.324381055246057204e-01,-6.895215556580755467e-02,0.000000000000000000e+00,0.000000000000000000e+00,1.954700818005796620e-02
4.848485000000000156e+00,2.474747400000000042e+00,2.474747400000000042e+00,1.000000000000000000e+00,3.249999999999999001e-01,5.200000499999999498e-02,7.594217795000000137e+01,8.446578434136649272e-02,-3.563966178596829348e-02,0.000000000000000000e+00,0.000000000000000000e+00,2.935696499456483949e-02
2.525252599999999958e+00,1.313131300000000001e+00,1.313131300000000001e+00,3.000000000000000000e+00,2.700425531914892874e-01,8.993746041666665636e-02,6.176716087291666923e+01,5.399065051872035254e-02,-2.043802644218236861e-02,0.000000000000000000e+00,0.000000000000000000e+00,4.701177464606586670e-02
7.575757499999999922e+00,3.838383900000000182e+00,3.838383900000000182e+00,1.000000000000000000e+00,4.871923076923077023e-01,3.651857407407443218e-02,7.869637525925925559e+01,1.176645796865193189e-01,-5.784758003238311963e-02,0.000000000000000000e+00,0.000000000000000000e+00,2.177704319170995287e-02
3.939394000000000062e+00,2.020201899999999995e+00,2.020201899999999995e+00,3.000000000000000000e+00,2.941860465116279411e-01,6.268183409090904989e-02,7.394455778409090385e+01,7.218685704010786852e-02,-2.724651955098024436e-02,0.000000000000000000e+00,0.000000000000000000e+00,3.425046307016176711e-02
7.979797800000000052e+00,4.040403799999999990e+00,4.040403799999999990e+00,1.000000000000000000e+00,5.227391304347825951e-01,3.520837083333325929e-02,7.896377158333332602e+01,1.221529027172928994e-01,-6.099371378538392952e-02,0.000000000000000000e+00,0.000000000000000000e+00,2.108738323233792442e-02
8.888889300000000659e+00,4.494949300000000036e+00,4.494949300000000036e+00,1.000000000000000000e+00,6.292999999999999705e-01,3.252373809523803616e-02,7.928806466666667063e+01,1.314336686148858679e-01,-6.811730137216538694e-02,0.000000000000000000e+00,0.000000000000000000e+00,1.970146620414830671e-02
2.121211999999999875e+00,1.111111200000000077e+00,1.111111200000000077e+00,3.000000000000000000e+00,2.427500000000000491e-01,9.394337358490567613e-02,4.898179813811321281e+01,4.079534509072671455e-02,-1.716128353953035382e-02,0.000000000000000000e+00,0.000000000000000000e+00,5.310750689589164436e-02
9.191919300000000348e+00,4.646464800000000395e+00,4.646464800000000395e+00,1.000000000000000000e+00,6.824444444444445201e-01,3.173687368421038851e-02,7.928124994736842268e+01,1.341555842240919338e-01,-7.062168730870735378e-02,0.000000000000000000e+00,0.000000000000000000e+00,1.929207908013377826e-02
3.333333300000000055e+00,1.717171699999999968e+00,1.717171699999999968e+00,3.000000000000000000e+00,2.816444444444445305e-01,7.380438913043478599e-02,7.158703190869566413e+01,6.441179569828482665e-02,-2.231784447181120110e-02,0.000000000000000000e+00,0.000000000000000000e+00,3.904149057263388289e-02
1.515151499999999984e+00,8.080807899999999933e-01,8.080807899999999933e-01,2.000000000000000000e+00,1.720500000000000140e+00,1.174571457142857378e+00,4.806711811428571224e+01,3.158496913138654494e-02,-1.291296464115828865e-02,9.000000000000000000e+00,2.464643081654948720e+00,7.792280569195302320e-01
3.232323200000000174e+00,1.666666600000000109e+00,1.666666600000000109e+00,3.000000000000000000e+00,2.802000000000000046e-01,7.580435652173911354e-02,7.087958714565216667e+01,6.312747910955976427e-02,-2.205689064184011838e-02,0.000000000000000000e+00,0.000000000000000000e+00,3.998196694003037371e-02
5.252525300000000286e+00,2.676767599999999803e+00,2.676767599999999803e+00,1.000000000000000000e+00,3.425135135135135012e-01,4.831583421052632055e-02,7.636532394736840956e+01,8.916703781577564603e-02,-3.909615732123232490e-02,0.000000000000000000e+00,0.000000000000000000e+00,2.768213883645855369e-02
7.070707099999999912e-01,4.040404000000000218e-01,4.040404000000000218e-01,0.000000000000000000e+00,0.000000000000000000e+00,0.000000000000000000e+00,0.000000000000000000e+00,0.000000000000000000e+00,0.000000000000000000e+00,0.000000000000000000e+00,0.000000000000000000e+00,0.000000000000000000e+00
4.646464800000000395e+00,2.373737300000000161e+00,2.373737300000000161e+00,3.000000000000000000e+00,3.170250000000000012e-01,5.385365609756097294e-02,7.544397624390242640e+01,8.121753783613519517e-02,-3.380192956088057948e-02,0.000000000000000000e+00,0.000000000000000000e+00,3.028948740445629520e-02
7.474747699999999995e+00,3.787878800000000101e+00,3.787878800000000101e+00,1.000000000000000000e+00,4.790384615384614686e-01,3.685186666666666333e-02,7.863855622222223474e+01,1.167996548896562542e-01,-5.702129792537068836e-02,0.000000000000000000e+00,0.000000000000000000e+00,2.195160064421678922e-02
8.282828300000000254e+00,4.191919300000000348e+00,4.191919300000000348e+00,1.000000000000000000e+00,5.531304347826090373e-01,3.424999583333330350e-02,7.911779620833333126e+01,1.252887510199840737e-01,-6.334257820507098458e-02,0.000000000000000000e+00,0.000000000000000000e+00,2.059025294859840108e-02
9.898989699999999559e+00,5.000000000000000000e+00,5.000000000000000000e+00,0.000000000000000000e+00,0.000000000000000000e+00,0.000000000000000000e+00,0.000000000000000000e+00,0.000000000000000000e+00,0.000000000000000000e+00,0.000000000000000000e+00,0.000000000000000000e+00,0.000000000000000000e+00
6.060605999999999938e+00,3.080808199999999886e+00,3.080808199999999886e+00,1.000000000000000000e+00,3.842424242424242187e-01,4.323535588235305482e-02,7.739995126470587650e+01,9.946009633137321837e-02,-4.581371710066184377e-02,0.000000000000000000e+00,0.000000000000000000e+00,2.517332448188764477e-02
1.111111200000000077e+00,6.060606200000000499e-01,6.060606200000000499e-01,0.000000000000000000e+00,0.000000000000000000e+00,0.000000000000000000e+00,0.000000000000000000e+00,0.000000000000000000e+00,0.000000000000000000e+00,0.000000000000000000e+00,0.000000000000000000e+00,0.000000000000000000e+00
5.656565699999999808e+00,2.878788000000000125e+00,2.878788000000000125e+00,1.000000000000000000e+00,3.624285714285714333e-01,4.561109722222218138e-02,7.689108983333332503e+01,9.433076287575109520e-02,-4.249472998416197606e-02,0.000000000000000000e+00,0.000000000000000000e+00,2.636593386523725449e-02
